[gd_scene load_steps=14 format=3 uid="uid://cba5mxu6nbqo3"]

[ext_resource type="Script" uid="uid://cw4ev4bso5bxx" path="res://wep/shovel.gd" id="1_ombhd"]
[ext_resource type="AudioStream" uid="uid://dkpos5l7ljb0r" path="res://sfx/melee/shovel_swing.ogg" id="2_0oyuh"]
[ext_resource type="AudioStream" uid="uid://bk233lkxqs575" path="res://sfx/melee/shovel_draw.ogg" id="3_3earw"]
[ext_resource type="AudioStream" uid="uid://bnvgn5bcs7t87" path="res://sfx/melee/axe_hit_flesh1.ogg" id="4_hykxx"]
[ext_resource type="AudioStream" uid="uid://b8gi6a17i8xpf" path="res://sfx/melee/axe_hit_flesh2.ogg" id="5_fn730"]
[ext_resource type="AudioStream" uid="uid://yrjfngbx2u1f" path="res://sfx/melee/axe_hit_flesh3.ogg" id="6_lux8c"]
[ext_resource type="AudioStream" uid="uid://1q6ymrq3yn48" path="res://sfx/melee/shovel_hit1.ogg" id="7_8q8kv"]
[ext_resource type="AudioStream" uid="uid://dc7ulnpqhqxth" path="res://sfx/melee/shovel_hit2.ogg" id="8_urd7m"]
[ext_resource type="AudioStream" uid="uid://dxaoxipsj8cnf" path="res://sfx/common/crit_hit1.ogg" id="9_hs5uf"]
[ext_resource type="PackedScene" uid="uid://bc37xq0qfcyx5" path="res://wep/models/shovel.glb" id="10_ucaxw"]
[ext_resource type="Material" uid="uid://dfrd6lutgerj5" path="res://wep/models/shovel_mat.tres" id="11_lruss"]

[sub_resource type="AudioStreamRandomizer" id="AudioStreamRandomizer_3uodw"]
streams_count = 3
stream_0/stream = ExtResource("4_hykxx")
stream_1/stream = ExtResource("5_fn730")
stream_2/stream = ExtResource("6_lux8c")

[sub_resource type="AudioStreamRandomizer" id="AudioStreamRandomizer_yjt7f"]
playback_mode = 1
random_pitch = 1.05
random_volume_offset_db = 2.0
streams_count = 2
stream_0/stream = ExtResource("7_8q8kv")
stream_1/stream = ExtResource("8_urd7m")

[node name="Shovel" type="Node3D"]
script = ExtResource("1_ombhd")
type = 2

[node name="Shoot" type="AudioStreamPlayer3D" parent="."]
transform = Transform3D(-0.988228, -0.152958, -0.00293694, -2.60944e-09, -0.0191974, 0.999816, -0.152986, 0.988046, 0.0189714, 0, 0, 0)
stream = ExtResource("2_0oyuh")
volume_db = -20.0
max_db = -20.0
max_polyphony = 10
attenuation_filter_cutoff_hz = 18520.0

[node name="Deploy" type="AudioStreamPlayer3D" parent="."]
transform = Transform3D(-0.988228, -0.152958, -0.00293694, -2.60944e-09, -0.0191974, 0.999816, -0.152986, 0.988046, 0.0189714, 0, 0, 0)
stream = ExtResource("3_3earw")
volume_db = -20.0
max_db = -20.0
attenuation_filter_cutoff_hz = 18520.0

[node name="Hurt" type="AudioStreamPlayer3D" parent="."]
transform = Transform3D(-0.988228, -0.152958, -0.00293694, -2.60944e-09, -0.0191974, 0.999816, -0.152986, 0.988046, 0.0189714, 0, 0, 0)
stream = SubResource("AudioStreamRandomizer_3uodw")
volume_db = -20.0
max_db = -20.0
max_polyphony = 10
attenuation_filter_cutoff_hz = 18520.0

[node name="Hit" type="AudioStreamPlayer3D" parent="."]
transform = Transform3D(-0.988228, -0.152958, -0.00293694, -2.60944e-09, -0.0191974, 0.999816, -0.152986, 0.988046, 0.0189714, 0, 0, 0)
stream = SubResource("AudioStreamRandomizer_yjt7f")
volume_db = -20.0
max_db = -20.0
max_polyphony = 10
attenuation_filter_cutoff_hz = 18520.0

[node name="Crit" type="AudioStreamPlayer3D" parent="."]
transform = Transform3D(-0.988228, -0.152958, -0.00293694, -2.60944e-09, -0.0191974, 0.999816, -0.152986, 0.988046, 0.0189714, 0, 0, 0)
stream = ExtResource("9_hs5uf")
volume_db = -20.0
max_db = -20.0
max_polyphony = 10
attenuation_filter_cutoff_hz = 18520.0

[node name="FPModel" parent="." instance=ExtResource("10_ucaxw")]

[node name="c_shovel" parent="FPModel/WeaponSkeleton" index="0"]
layers = 2
surface_material_override/0 = ExtResource("11_lruss")

[node name="TPModel" parent="." instance=ExtResource("10_ucaxw")]

[node name="c_shovel" parent="TPModel/WeaponSkeleton" index="0"]
layers = 4
surface_material_override/0 = ExtResource("11_lruss")

[editable path="FPModel"]
[editable path="TPModel"]
